E=[70,0,1;60,1,-1;40,-1,0];
T=[636;518;307];
% x=A\b biçimi 
X = E\T; 